115856
335156
318635
304294
341793
249427
466965
328382
103596
196241
18787
328006
324725
323785
317871
419755
73316
11359
299790
452874
85965
168661
276320
59071
281293
119835
50401
464214
157969
43233
465435
106800
45621
368019
425893
14055
122316
439554
234350
118995
160151
38552
182052
331859
209752
353374
16890
62930
23852
60531
9064
194005
164797
322414
262187
264151
238121
309232
260131
64683
101650
285000
57282
385321
172033
444698
72776
409043
152946
272573
364514
74480
333504
306731
107857
441863
69794
23479
32063
239661
350857
355919
263095
239012
330286
53146
108646
423983
433135
359402
241891
319387
176799
436437
444983
144469
188965
378609
290459
460122
9321
269155
283313
241527
452350
381144
301373
64061
42388
250568
276082
453057
408243
440855
174036
441789
180203
71223
166765
214276
192527
113762
162596
132622
348089
57636
204658
2572
404476
109665
200190
362364
349841
409357
398626
124897
366256
176322
101205
111917
38796
72219
120863
260447
323800
359889
204857
254135
471235
371392
304840
430532
371104
440535
250076
468508
93366
91833
83867
421541
216603
106427
341990
353390
243324
273708
219101
446896
286939
362532
182146
416696
85291
260965
46482
28804
9275
192745
408935
186429
195053
302988
49156
283103
427508
333796
70361
240082
1019
35446
79943
141210
277192
139667
393425
19177
404213
80128
303523
190452
229861
11491
399067
465671
439794
179934
178790
306618
103985
372004
320058
366660
287610
3955
171326
111428
276437
93724
43753
254703
126356
136572
324588
372516
155386
333102
370843
184979
398641
62425
295188
372149
35025
311558
364574
13091
125579
323139
381360
103819
116170
194635
69731
338043
243218
467113
392481
10354
161364
318730
321426
118824
242871
437050
208645
369174
264921
166946
226925
437955
330594
453447
254289
36855
90117
11814
119028
113740
432840
216807
39790
54134
381513
365038
274622
58575
348343
457160
72886
311782
146243
184017
323709
231030
296841
170492
251219
438641
430666
170303
421589
424868
179897
139175
115573
24779
138261
198013
147218
138991
311402
29987
276875
405794
399454
346655
125800
152877
412319
355787
208949
138087
366056
43333
113118
233659
384182
70410
373654
37354
220417
373424
389586
206897
257563
179419
445961
341239
111825
433553
398904
111333
279731
6688
383075
282038
294678
323858
166259
450180
113658
439872
79231
313219
369657
205669
199642
436469
392068
432998
129836
244004
395925
10268
360543
379260
32929
96608
60904
353898
155107
80099
177740
343879
282506
257550
221922
62175
432253
145455
325508
252997
198258
407832
402227
155739
293324
263225
431316
127513
122146
267150
67075
239633
151018
168571
433896
119081
116265
369740
134951
236697
123134
113548
413987
357652
411383
57312
61701
99576
429534
126343
331142
442429
279591
99883
462265
102191
388628
156154
425552
427661
322799
139968
199626
171775
323306
247965
417224
373768
318079
199434
390263
26714
102723
30434
184655
276355
54496
62744
232458
396992
470102
313549
76312
202940
317134
80178
229297
211401
416515
135621
25048
364055
245847
191126
244395
132245
399911
430836
328424
56288
61210
162016
123953
197837
224870
405052
367119
256466
148639
40881
362955
383599
418305
97792
110832
42779
388535
269240
89943
145708
285756
248784
243343
276024
453025
443224
197755
200964
396307
114916
294398
70369
367146
22920
224926
307706
7524
7652
309544
289903
83108
220843
366426
385944
426775
345752
144939
270256
258388
16872
172750
60450
8049
82643
55305
106949
242404
32437
43143
173366
467049
351960
378236
84273
322194
386846
55626
349052
128328
290959
227389
56977
247850
282220
247869
399455
452019
143426
441446
306197
20278
266860
63964
314401
398219
425275
22924
278412
313145
59823
340147
109656
339702
288641
39906
417981
115600
12425
252305
302157
230451
119681
295865
124586
7266
282005
257530
263680
377467
281708
282789
266206
377147
130840
391415
382911
287026
289913
144679
378704
137370
368177
366614
408719
470396
250339
373811
277606
400099
330557
41787
437978
221259
78046
348051
50967
279717
220643
139180
361481
404340
223297
313371
413621
351404
10063
255602
334961
239254
301298
300879
147410
383873
334595
424084
298899
452293
398673
93
424147
290473
323953
424996
156729
72186
103721
252338
194074
231552
171345
164163
424363
368001
104091
108727
85797
247760
155845
171632
197558
247714
382415
242317
385839
128541
99421
26434
248666
221823
86515
465090
58232
419235
301841
186742
313839
10171
105803
455851
335031
83123
194044
288328
80680
113901
78186
124643
299588
273950
21959
16461
130955
280653
64610
291464
291848
106897
152797
420509
328304
401155
30508
333221
51251
111838
361059
65938
66115
439316
446824
86436
206764
247094
294681
365175
108737
399429
287447
450390
206934
263613
450868
237404
27649
400378
126815
125844
18408
189904
266054
369375
392221
232745
31985
286990
376085
217586
183313
185868
325289
163119
397233
366063
148041
401560
235356
52777
150215
296611
177292
426448
348413
264857
257361
73346
445553
456113
66953
438308
210149
185728
126030
337442
310995
171143
45582
389323
459490
234560
124286
216265
150431
70439
235225
282201
469278
71753
151088
360179
155667
292263
30102
143084
32258
320489
366245
344960
298308
425563
454155
437371
238763
81059
51927
401642
191158
36740
421840
435673
192668
305539
133613
83790
450992
125587
274402
384005
419929
289824
38635
302909
280880
307005
93051
132799
351812
175457
269591
242872
237420
129602
193499
78219
246970
421784
331460
440266
99117
114561
422516
57768
261500
202234
5925
175847
399730
82739
432262
462915
74077
49799
304990
97952
456340
428918
400968
50505
469387
315064
219590
110242
373107
421338
95662
61120
38835
41828
24430
192711
467510
454904
428054
427210
332116
208036
27852
98930
335279
204941
291434
139167
177067
82232
350777
262376
270300
326322
64562
111384
62097
74489
72023
115073
341433
80150
82181
464507
1282
433826
10875
461688
131195
358421
396755
101370
117830
467076
203777
228938
302322
191529
96118
313413
60384
200528
209353
359668
26380
104153
96030
71634
80229
394205
224324
130637
327947
374544
90453
245958
384140
426468
454754
423638
311093
29926
390187
120564
461984
286386
346378
449212
190454
312942
458836
7746
22746
335091
419420
143114
43547
453243
57523
42604
162031
68430
377581
209921
32504
186864
204225
28154
446074
425221
467706
349553
398389
338689
38369
207586
133288
324601
367207
445689
272520
438642
447766
307663
453955
137194
312794
23761
35014
139270
456772
415656
69296
341818
372685
158931
107588
165458
186433
141741
321436
273810
442500
37146
193625
239757
406939
253764
412166
304321
117838
287039
303163
136716
72179
44084
259837
155473
462205
216835
247921
194132
37589
341591
37753
173566
291119
339790
307666
130104
353614
54034
385593
467479
470295
370091
98495
161026
12731
381260
443921
353121
302468
113847
194342
128850
94570
425803
184635
259588
368880
121580
424750
463642
5074
112569
278447
243303
417566
141932
335128
59323
249977
262960
349531
65734
11499
170287
20880
393715
179512
65613
39129
176651
184796
40530
320817
381328
183487
351219
48942
130115
308038
63415
7975
323595
440475
281468
320534
389910
337510
222866
139271
168210
383630
265927
79174
265832
347023
442508
286165
142008
205178
172768
232443
352472
298558
240212
212120
5560
136243
137649
75326
237616
368498
283692
9938
192431
187901
81268
77226
292080
415173
303784
135231
351609
179390
288921
201945
125488
135694
84074
190898
266868
413065
418074
114030
34961
207008
9313
192300
1789
105638
423770
282606
442
434312
154319
105147
280225
278669
217707
412123
230408
319248
406830
465677
346789
163961
230603
172185
42082
429119
210170
31992
128926
221806
288573
380810
294987
15662
122095
461996
316718
453267
459232
331086
224842
129215
35361
19641
410543
165991
210124
173549
117935
197138
7486
332255
223907
293439
65917
196090
117134
298385
153209
301143
183856
114671
196405
230962
16772
61557
338971
13299
352733
297112
100564
161183
395994
13726
140571
121092
392014
270258
463849
162337
11804
90802
6339
319768
270121
84260
346629
6747
354610
209022
175317
249433
326855
5912
124295
106438
316756
285670
327508
463518
333197
443555
450610
190806
427236
232783
386886
195443
264548
446709
151652
183231
423442
153202
123195
84247
338544
119927
291380
33881
471327
223486
341133
56160
343484
36148
128281
89543
186399
262654
337239
337720
258669
190773
94319
183050
25808
465495
122810
101373
258624
380495
274658
198434
54412
100197
351792
278056
162212
110621
206724
249331
134703
221368
33974
262194
326655
437974
205992
235454
176510
64719
39194
381392
322333
234819
117219
438466
469081
428825
133259
182831
145613
417270
70430
387514
103686
256347
29164
293465
213224
397737
318740
301163
314659
359464
216057
65721
45771
326184
8368
262900
186114
377883
158481
400873
98552
170239
77808
171426
324771
112725
236207
144583
187317
429905
132097
229257
90923
124965
247252
404655
387729
124224
263310
434434
57338
393703
47324
296075
405172
177532
397308
179172
372392
415981
147083
193936
374880
92441
403602
223833
401200
418273
374530
367305
71827
127908
388556
203872
65149
237235
469170
243235
142059
393330
68363
149969
43504
469755
335430
117699
330410
212777
286917
441493
350595
75407
227944
373945
331545
213471
200360
364271
397922
276247
245324
138580
450577
447380
154461
291547
429000
442236
183438
400995
89519
191310
128264
191762
471142
347661
349904
357435
112371
130320
409294
293216
440242
312678
253166
233330
276593
384287
313696
361903
36185
283832
379356
191804
419340
88612
19930
248235
338271
313743
47005
170867
264935
146698
187213
122683
173652
407341
318900
356398
409694
311589
235787
144194
171894
287665
121930
426325
273668
427833
455371
341236
272502
319839
252896
3388
235592
181343
443005
209888
148597
382829
61551
29425
224268
134253
204678
362130
344433
215421
231160
196868
445764
464232
77699
193056
211886
238547
257183
232098
259417
325757
165309
266808
117065
453824
135855
375239
84
18149
27714
468855
212198
344804
449459
60990
62595
344741
444631
426168
381359
84968
207424
15830
279422
188348
414822
29814
103172
353174
258292
166750
262213
49517
19090
239693
365639
125745
438131
323481
157198
175639
301581
74398
86787
176139
266531
407776
57589
211535
376213
323224
364076
392560
243475
148915
144141
241469
343028
111079
59759
241362
74123
420342
252911
106699
340579
447931
457937
208952
50426
176117
430354
20612
212478
177346
198301
270310
368649
237799
380379
365956
261645
256231
218809
406362
61315
417764
211461
429900
241679
236658
450079
76697
331118
315879
231163
45736
427424
471448
295302
347898
61964
370615
9088
273719
390659
143465
33269
169260
28956
112670
136780
204836
261154
173547
177282
16641
143086
322904
451740
96910
456317
187692
338398
401894
371527
374966
77698
231710
262740
217670
196301
35455
18447
456710
433371
81446
309645
210573
121233
289001
153993
190555
11550
246675
861
183952
469342
62438
68954
230093
389264
385688
442905
145160
28982
441659
285636
402533
238795
237343
208957
385606
254869
347226
159931
147009
349459
34842
178510
204623
55064
246464
160822
1617
217544
214801
76609
5717
470834
456386
310366
371176
63055
26948
14213
443274
62936
408336
242948
404490
418303
200229
407739
105037
209459
119706
24557
103800
313535
408200
455410
448584
175257
431318
270067
18067
121263
120373
159731
117682
157907
169257
228322
194841
301258
339082
451846
454277
66893
277018
29326
397887
317021
438
209398
437057
351399
238088
55954
141937
29386
67749
47520
406445
92648
425613
10158
354716
192869
245029
177446
385851
289018
304325
470969
366248
326074
31893
298892
294264
35174
131049
132503
303229
178755
170560
106425
265901
223624
440751
252769
433208
175903
255304
437229
325871
79004
61918
347024
306832
135546
270742
38814
282333
328925
211048
359670
93097
268385
402993
335444
274863
424076
242399
196551
194925
361658
78589
259062
244576
305215
120846
365815
257156
455369
278959
185201
316998
168491
251177
55536
123937
322788
449777
272497
57791
114015
21457
150678
6766
385256
394198
203152
114272
134210
149770
265615
369312
56154
117612
48378
204635
376709
278758
299546
282912
262009
14678
151205
41408
275292
98916
388854
344981
338937
414896
371482
295377
96739
320162
175716
420406
29228
95694
159331
386345
365827
136153
392255
228884
306793
466861
30225
247481
343967
37893
267296
311307
339397
101656
312503
105820
185400
91813
161457
308661
238595
57403
306543
78590
187982
444559
323120
269926
123664
338480
303179
279249
225943
324251
136722
436807
13837
268403
179600
34341
53166
6431
165602
202262
110212
293242
130146
93083
91250
227345
66778
226966
219518
23669
182514
101391
114933
204566
99134
13268
180787
281176
59360
150997
385589
196134
349880
199209
199189
227729
221375
160539
353531
110691
419879
284815
194656
402161
453852
75172
58837
155663
192800
313614
229408
448880
60085
41315
22015
365140
377702
228306
322047
404038
169435
162965
158938
375224
55288
317120
439627
252717
166101
27165
159468
194086
137700
112985
189995
197537
72123
290487
343400
54805
24491
444482
67154
296336
156960
81632
124696
457792
123144
466291
420365
412007
194990
198591
153639
310737
65456
197918
226587
458734
108564
46860
381496
60689
226949
268969
123827
265445
28557
379416
444177
399663
338087
32096
1088
47966
277537
369925
465445
432424
195413
209970
297385
48676
138047
406334
386623
26368
327963
363962
175575
393417
313417
308451
223818
29307
61830
359816
325448
303773
327599
66745
410434
134120
254688
73727
138063
375514
437227
432352
298572
215484
62993
177348
336820
307452
315929
199875
218346
209031
204906
57726
407426
149914
334440
249461
147480
126767
86936
335051
438692
289657
106656
103825
305445
178431
44073
466191
159563
353047
134963
431244
260592
403789
222334
10488
111233
3110
339931
197351
18140
286079
194150
194469
467748
238628
223608
91172
52366
390876
151297
240910
96874
410682
407129
146810
143981
8489
340952
306833
384281
365160
342909
468287
81557
344766
115033
55880
253061
453437
372887
286454
364487
289105
249837
189083
461113
354787
100758
145732
340474
354657
141047
152477
146959
76171
71364
365573
393554
180973
23738
456298
129140
98967
429026
458500
402598
107556
80764
52580
206065
85898
404175
170936
328647
369478
234463
450611
320188
370689
378879
85201
462544
60665
170307
389445
89536
121548
151701
402061
64542
359174
452067
60445
252170
65809
422297
74081
189876
66193
220231
393756
19418
281749
197278
55219
63724
210766
445874
416862
302143
240643
307957
402300
326510
400851
337899
292720
268466
69879
348440
422853
7690
228352
68276
157286
400561
20893
246392
230715
151831
339226
389027
84564
341903
457699
280156
417927
234623
415393
232975
6596
317324
101688
216344
458074
98808
96926
43782
48582
65926
256465
467944
344343
167488
414066
30271
351200
373981
356899
207497
45251
345621
382379
11972
340127
249829
389209
257945
116129
388974
77786
383988
362224
210252
149289
397823
432987
442540
4166
24383
47114
387125
174757
380046
195297
470009
413280
456380
342419
5480
316367
182438
104163
264185
344337
237155
335056
333147
371376
311901
60887
69648
41600
3301
212197
386425
344408
92217
252482
163343
359407
171170
349433
397816
94557
70211
11862
380299
338420
300342
44532
162982
313221
258687
377764
407932
417314
72560
245065
313822
199125
59074
190908
235404
457419
23136
449868
241575
214565
428658
240125
16725
259764
359226
469637
394336
209648
16409
67019
435540
327805
213845
180855
21024
100110
252818
305478
356448
390004
167117
411970
463091
234430
46347
356047
341413
231825
350538
434117
87176
163985
138910
320092
227607
127414
374285
465071
77515
307373
400600
336930
72059
6049
325521
16578
357227
311332
405998
55526
199578
249072
279605
387049
161502
197840
156671
315414
58911
68073
154698
191196
311128
207741
137384
243149
441161
125107
237773
347731
317770
224028
341327
27525
330697
217029
452347
84695
266959
332303
28292
297983
167719
33148
294080
110182
293972
447125
360232
470852
58447
210474
102218
176777
217447
318625
227502
441289
242264
270420
318294
391728
110904
320143
143791
6642
207042
339874
158851
230880
471685
226312
402242
337641
237521
308377
49650
96585
48184
12527
163445
377281
182270
82500
98989
13904
418468
296290
330211
251990
348929
43620
386438
75396
294492
327395
376387
391342
214348
341680
422164
319275
443979
128681
439824
353248
380290
367394
155911
419747
189360
342917
398231
261585
242817
331490
320196
423842
352270
4074
151016
323153
72871
398516
17822
66198
43395
441200
236427
90711
224172
102888
44319
124762
176936
45418
152112
43555
231907
169955
465496
189560
139850
72039
389633
121348
96904
38157
30586
434723
427042
94473
6702
167209
381634
86044
208649
315428
78925
303603
353758
295428
156926
21523
397936
389290
15398
456441
217592
165067
148532
374805
34131
932
338000
243312
314485
98108
391255
186079
319051
248250
187307
48791
131865
189323
348763
344897
386077
21438
451157
368578
177663
234327
350961
12268
293840
375424
327024
337107
409908
406795
253328
256622
14830
284658
448186
330524
455892
99341
374867
124393
327335
415964
266118
63209
150051
430765
219270
80928
369747
167328
348445
265783
158165
178348
398570
14179
98581
154947
439514
118638
440541
323702
313174
467036
338370
365869
9842
241281
16427
80930
260429
18155
62059
177721
288819
46281
82094
128990
341985
391257
317838
36335
9374
80472
322321
218882
383349
120311
172485
346815
84798
118538
441971
383085
196419
424952
121765
333354
205975
100224
202981
267415
359665
216168
466313
309084
332371
32820
179794
46960
39767
330434
466355
56533
45607
145865
409927
267975
105819
148148
19444
108124
36236
88034
311154
93854
425771
464833
422007
201547
82240
347008
427302
102460
109116
404437
109941
162409
192389
40222
238963
228050
141161
365386
213968
310604
8670
132207
432347
133048
97509
174823
87304
374930
214929
14902
315886
72067
26191
456097
307462
5920
47769
349100
447770
145065
228774
74825
79093
122589
299589
149092
42613
334877
3128
234830
221730
134977
283566
198411
311514
277577
343714
453609
326702
203898
181165
248569
33587
350699
42538
205796
330056
94442
270207
327575
149535
307182
437051
273500
266171
364716
5571
187787
322031
337502
65158
115493
240210
127684
319889
12999
222303
32235
219934
354794
149378
299404
300071
3716
118232
334152
123807
191709
147080
124661
109103
99806
447116
267766
206342
190524
424330
36707
357710
135623
469720
39711
221992
404142
466147
10182
251938
162698
64657
337127
280194
404817
7057
102277
52188
189438
375207
275497
184911
226859
259279
251726
28927
252186
157819
449991
386778
213757
296761
319942
434764
381822
18676
40449
413357
121541
437813
293564
188282
357080
261309
246047
123227
79695
405825
358944
22798
293082
3083
171795
147107
178251
375746
246029
190282
77994
214487
26988
439550
432551
431053
390272
134373
398127
133582
24150
196884
460216
28791
35426
155131
182786
355086
212820
48956
7312
383025
389316
333778
119341
88560
24629
19760
219671
205518
311652
338348
357721
360397
252864
326607
379850
233437
412707
229727
388815
173804
119386
360040
428865
314493
110732
58496
113971
229924
414331
94967
238564
45871
360256
454683
62872
356201
193991
98747
408803
186904
447431
160927
144856
445243
471139
242915
176063
446425
139405
139757
129753
256130
338015
153320
428256
454364
329436
80951
328542
434534
67563
50880
240532
241051
400053
159007
350218
138149
58950
148248
100714
429650
89609
76551
215403
410448
405692
373072
462482
107702
302869
409726
414883
368545
105878
113426
174240
373538
278921
87811
324718
313474
342535
390383
230783
4352
85478
272816
385154
118095
363660
77731
374879
70677
233911
298146
398553
324214
339060
12895
284657
56662
25640
30763
367527
76462
253505
367341
319654
346042
74431
398572
301180
1062
469065
282172
220701
127658
92852
10333
78956
244339
322386
178076
323958
432033
269517
350038
378998
97924
425082
22840
37115
363349
285594
107535
222391
425348
189039
355635
243005
119548
395453
359829
291158
101766
56683
169093
164549
66144
326291
375635
433290
277256
1128
19450
10807
309057
307749
398758
1034
66239
140425
351185
176020
264459
373267
279180
2772
155360
244328
143518
216112
61237
60483
388324
408096
179404
211156
228542
172344
22006
177786
305854
403828
114079
124304
162556
256649
195421
456799
399905
469363
250013
280171
162842
279687
193627
230025
105494
315947
192295
281042
104979
242197
464964
367492
454525
373540
288238
60315
187378
281786
283413
119106
339851
455312
24147
243976
46866
20410
219887
329523
69486
177591
190647
259467
325047
122289
13040
227742
90708
98987
99377
55740
149285
86670
407054
332919
184888
387919
147091
160074
366973
253105
62582
359709
396934
357491
202145
363146
446442
341006
171055
244935
467115
328010
406501
385414
92320
2304
226315
180900
368174
419272
418518
402698
49198
389559
432461
40187
61741
273622
321769
338012
418514
317577
6930
179349
374391
172467
452476
60857
58877
460128
263245
381227
265758
269686
347201
37355
261156
48592
361400
188996
157265
171677
74343
45980
372940
2530
411603
325004
83635
294586
431
160896
9919
406561
275313
182926
410541
390274
229009
89673
37576
68039
290511
299015
286959
450043
292509
117676
56250
337634
430509
331108
213956
174362
211653
70223
78983
245786
270260
91400
309660
219759
158321
138840
153794
364099
317873
425055
281255
318520
44496
100430
375722
166683
299512
454147
418754
16132
384721
278699
140501
73200
65594
265031
407418
126897
335342
284590
257686
7931
122729
319402
406513
203552
400880
92752
284287
451438
321877
384542
385509
312350
433118
132684
467342
103428
227458
221540
67844
240635
351207
436152
177586
226550
149746
229733
333610
460637
178701
439485
281987
422964
33579
286862
173380
450946
88161
318919
376679
375461
466726
332873
120182
457139
92789
60399
157361
367035
146933
347855
197306
442464
13093
257186
374547
338366
387863
426571
101175
142918
260651
106592
363948
12852
120952
433653
93934
219619
329104
51843
102682
319819
332209
242944
416765
155942
184801
470033
327722
102161
453490
409295
380513
376087
257148
123895
212601
318988
10176
298134
420544
393950
235527
354394
454121
284053
114881
302743
425060
88673
63685
310180
434722
235021
77194
428718
139278
168134
420559
281122
241585
40010
196992
347821
67707
275246
304219
266542
51484
168167
116522
130979
242807
329134
263436
313974
245256
240254
458746
141734
376407
180657
86463
328164
170006
428862
361719
188404
380103
304382
379247
19427
347386
60090
290877
136411
208711
150182
360176
428769
383342
373033
130866
154189
55712
346151
183949
457711
43080
247340
241370
260615
220385
6607
153460
239931
111940
29748
181713
280691
225464
264940
234939
319044
67776
311480
63025
402129
158839
164215
66356
45651
301612
242027
60228
287432
382916
169355
55877
357562
86751
408235
39341
306482
252409
265848
201625
88497
447614
346832
64564
325148
332222
823
160564
375537
21785
381233
361802
55416
180577
39761
46703
313366
342569
141887
156616
133073
246189
148436
214179
326387
313623
76742
215654
255966
286806
176194
202454
308297
124137
311138
356860
273550
40133
155823
86779
89394
390320
442784
161437
437528
94450
400312
443789
15397
379403
411716
329983
129520
323104
327739
328856
128309
377381
368846
325043
176948
193297
99812
412065
255305
405595
83535
354169
84565
440073
413498
300469
54810
11658
84537
199146
356014
395058
218850
205718
278202
266574
145256
161510
384412
39914
160718
366767
470114
56964
236862
436410
35214
445595
350375
260803
88728
207389
406781
52336
150410
276917
149754
253810
464129
94015
185754
102772
328430
176713
470924
263793
336120
133617
301186
127203
371823
112724
275130
27337
302359
423509
96274
120610
107426
311873
180163
355580
462779
221278
181081
43103
469275
443725
245361
385596
163237
436365
111206
288290
244149
121430
328486
241704
231259
153279
448642
148418
316488
342593
448881
208390
34579
378087
29381
447897
119952
62340
268573
460681
407216
454418
149715
233947
128006
296017
116214
467545
164761
180982
64504
69092
209542
144700
297172
119520
458365
51174
400711
167255
118149
379867
65853
425027
225413
151983
247896
113346
452626
387916
45928
293836
359890
153130
250480
360955
248637
464834
276058
112967
225031
34179
242377
114759
10172
93151
276384
320630
431554
86649
260446
145390
208650
20834
335736
357275
192888
60866
199327
363819
377153
397995
105074
421165
345721
339810
40926
107463
139081
273836
173659
391868
82728
318788
107899
120483
266256
404075
107806
127783
133631
392530
281914
454165
308479
69962
36268
209610
98868
458615
59060
177835
15756
350818
242658
37112
447851
20860
161166
83966
315283
269559
193488
388655
293558
441544
112479
271532
221277
135433
320593
324819
199728
369663
205410
339782
310
376185
428170
97683
201544
20724
367461
424473
383490
178107
200661
228603
202872
412403
50825
46986
212734
368286
96133
148517
318048
28296
380369
415794
234483
42868
322037
52540
72048
114485
77038
293894
432319
409020
361790
100076
73092
444054
252239
225949
143282
241054
174734
173840
395976
74866
378468
288506
157809
196102
107627
235047
311376
431099
220632
154945
178165
241137
189393
423949
399649
407588
52954
396048
3917
195045
72604
294416
181822
209091
439807
388358
284263
398662
80278
137429
295303
367361
404603
427523
445420
123883
122180
13994
19584
371356
357341
440630
186251
423422
148094
358495
262331
225037
225869
401864
95743
199831
225039
80961
356232
352248
306713
72926
331158
222221
260464
330180
379075
435460
185924
44818
196742
111313
424190
139901
162024
412815
260986
431387
153981
199757
384788
100362
18770
211160
248767
423767
47844
301572
211608
173179
111586
425682
124565
2779
68496
333912
48332
235305
246199
186539
30312
453899
15505
154625
198359
291834
369394
149542
269116
381417
218674
201031
114765
244449
272953
213793
349593
58850
112055
112170
14121
161208
119851
244547
120719
83432
395915
54110
113330
191472
457643
327906
49518
352571
127035
382686
411254
459697
38851
98426
115177
202973
340001
66608
458201
415403
204546
142977
308908
287790
87049
14696
86033
64342
37519
437137
350496
466761
427204
194593
116043
55089
149363
362125
187827
160022
240564
141419
118583
366793
103981
422168
372520
23940
187793
323342
301703
87856
321684
427007
393092
147738
264809
413558
302862
225048
292841
234864
355724
343707
260719
403791
417359
283127
10828
443525
211498
386523
301623
144971
211699
11544
242392
321130
82616
149425
135894
76673
381413
471609
46051
246515
167976
322482
34634
42940
280627
237731
79257
117365
302117
113365
124287
12381
441211
129074
91644
401167
47056
202433
236120
301865
95029
245772
40724
194394
278321
229540
43410
212420
232021
156944
128504
272939
134410
415214
62925
440587
243452
160440
77613
224827
165688
77725
69842
162089
374845
302945
21483
343076
194039
132452
410655
70446
463915
406892
334651
372505
28165
235309
39725
411890
432207
208738
239875
226807
231496
239950
198563
93302
245811
151877
385175
371140
31965
401825
399
356586
145848
43593
198161
353558
358125
460481
6619
375652
111264
14977
302361
120045
30879
416567
298524
325259
214191
360102
18097
63805
85972
328901
64395
156573
164889
423057
17487
175943
385879
128724
368169
121549
200409
368735
33730
253200
282316
168990
461283
224528
114104
309939
33167
265396
125004
615
92380
380861
6530
79407
364412
180067
220501
266038
270181
225165
326963
18984
369974
139192
198935
375845
173906
258396
186358
313564
56755
388458
177191
187313
248218
215562
30582
21082
58546
341764
377029
332105
346085
235867
429113
40592
448497
78819
328443
451742
257587
217950
11007
453611
238775
422462
63536
447539
419115
143769
156240
139703
180137
362409
433964
139659
169690
418877
272289
127825
26548
195922
181047
421834
446888
432829
257068
155799
329499
448635
105617
70985
24
354022
46811
168599
54838
236080
51498
15490
129956
340657
127937
454686
270533
230610
58647
238592
311642
122903
307063
218675
132007
124620
369023
349142
277391
79455
250185
30223
110983
178423
93383
261846
451232
132167
93897
400855
391411
231370
384850
276176
359888
401342
421470
376887
143286
80648
460714
319890
390210
163227
391031
430796
471574
270481
165540
46433
273783
217018
451539
42712
97949
52057
93984
142720
301483
207674
395037
67479
277810
66570
390720
326468
326761
201531
366751
140295
429309
370028
178831
216613
202675
99966
82715
175353
56199
241888
27527
79858
74871
18023
134944
174661
140798
105043
84793
372293
84259
97375
15500
59956
111174
73022
51545
39394
27796
37032
163024
454185
425923
126190
19741
222056
244401
409583
18715
446796
114200
443862
144083
140780
393167
290277
37993
195732
457564
32899
45359
459534
306305
291761
68777
297492
239669
399155
292593
375665
450387
330798
145255
372133
279089
234465
4032
59771
25673
51107
460648
385892
13450
168717
87259
42463
380641
52415
193967
156522
149204
201968
174542
190787
187330
11348
114455
448162
271392
183161
312077
19176
129321
334992
392583
108822
260776
290832
394065
181944
124811
206118
110503
51605
201231
266921
119787
93561
358394
369979
166367
117754
87496
425950
148558
219378
328298
447002
147655
355203
416357
394928
75314
134934
367972
59026
259065
77933
217322
287098
382906
240450
273091
127958
432129
303236
135003
332032
60164
252581
381803
469456
201720
165441
11265
87405
110834
90384
361607
189111
178415
269896
310014
304646
224448
381653
107044
387664
92855
395090
49145
404937
46613
436641
142299
75207
93154
429622
366938
377579
146236
36622
220416
452344
207923
202776
159668
406126
405087
262160
179074
60200
307924
172057
306639
16066
105756
12757
44497
255402
234174
212366
350466
430198
327850
176996
280081
115582
138019
106801
205290
327813
71066
314166
400499
217833
330197
165077
298018
23878
461418
238219
84640
183923
104103
190581
281372
293679
16562
171982
72825
121404
452451
215087
396026
382973
65703
440063
268593
460512
209490
195243
382539
405020
138886
156196
316015
277884
362569
204636
117975
114145
122256
140521
173196
110674
455863
265193
358817
409634
23069
371535
469871
414532
181116
374173
103288
158231
356415
174496
134489
259572
360302
388714
360654
184525
73301
136631
148333
236062
442956
32154
6643
81218
470877
333551
65418
218172
461861
400565
407635
268056
93957
388735
358885
96604
202360
12338
322887
177279
60701
443593
104349
260130
134596
446153
155295
54046
265743
41771
17899
447152
359891
276181
445192
450555
424520
378444
8635
32797
152871
209712
462397
314253
460269
272204
132585
169347
444122
93184
322372
332822
104871
34502
313044
397191
421003
322149
327011
305105
224848
377469
364198
146571
102629
76954
21351
10596
135784
455798
332427
461310
205364
51272
471916
283847
443053
374708
406995
429681
33200
117912
323329
382050
47856
421579
120183
92045
435647
254432
364688
235800
188675
269450
383935
279272
361536
85770
383115
338554
71899
125394
270359
296888
175736
249346
185110
266965
316384
21980
72936
19522
71616
138849
233780
316171
137444
276208
170714
459780
417978
443216
147405
120718
388667
432598
41746
49091
57694
377917
178496
387123
454276
255760
396346
212334
338325
430507
237211
70595
465555
257078
333706
128753
7424
57034
209374
429989
318216
184076
448159
402762
47041
280072
386867
125272
211097
425606
297406
138252
162200
12876
361896
346258
244230
423103
230141
134179
359770
415124
248041
228528
438510
195534
264768
375714
163228
390965
253097
254126
148487
339231
374133
240172
464269
238291
416845
134513
357761
9539
274677
447383
83117
450368
304083
165898
298063
33808
17326
247847
73445
171076
249335
466440
403083
71455
278396
166044
457577
364355
453429
148390
435391
443312
3130
439569
17859
178987
457459
129566
92282
296245
354207
36330
124014
273894
468034
40663
963
398287
104276
453743
404667
362300
68359
162067
307815
464479
294135
466890
46674
86849
297386
183271
259853
49785
439163
348696
196667
403491
204807
440607
114201
388737
320757
187149
316754
176356
186510
125092
374389
225703
420572
41100
392504
27734
312312
12709
313740
441779
282211
120547
382291
431007
271326
345412
197459
139749
269388
58881
207665
291876
4863
382457
200758
315444
306162
235289
14335
236992
414053
414134
81679
23238
194399
318630
261681
224921
253312
183780
137582
447641
423790
456101
25513
297177
453726
317718
244361
151689
346268
407511
325494
291437
410290
351768
198289
72338
147971
408663
25323
431349
37222
149199
409172
136870
52099
127776
438862
286983
65068
291234
133438
281648
430747
179697
465227
283280
92468
468992
93853
48807
124347
214953
465063
3506
395771
48434
61515
417760
22394
192427
129232
90509
280663
451877
382216
356378
79121
6895
344015
463323
60397
350108
243661
52875
42307
86990
423352
216989
119599
417371
100826
53122
404350
397013
62089
74737
395847
380584
155688
127923
299998
179365
343674
445972
51976
457404
287684
260598
78493
196810
150463
278353
173660
135881
465842
205988
418147
176708
232491
416490
165178
189411
171301
449379
158677
365254
400914
78130
39821
299940
301471
217630
294350
321157
36791
148960
452612
171218
436235
233888
188179
38071
391938
213211
461926
412826
430294
192611
406765
242098
127899
218355
176047
325271
341623
167936
99517
464549
313335
328229
22437
23234
348053
303290
171101
295254
275901
455361
350838
407500
197843
105814
466879
123461
46556
75552
306406
417583
134662
38677
85136
116685
118596
199375
195562
445368
342723
201934
182757
165984
239287
41940
384324
71769
157677
438517
69386
421814
205175
152966
248962
275064
40792
214173
48609
172176
397690
419558
267053
189513
237884
296254
338191
265387
23462
112073
395939
222927
127412
219040
419354
96621
283341
92406
294803
355320
142513
228385
327148
372421
438176
385819
362132
35561
120284
186394
312332
289489
239111
277177
239338
368551
471736
423031
284079
457276
313507
293499
354066
437912
18568
114798
190193
74307
156870
328887
77917
39857
302163
219593
460662
300933
256977
451431
206695
259662
403250
262673
290563
172747
294202
244897
442830
15782
79322
31436
185150
325084
464495
195882
365019
69760
249153
471599
176264
78103
87678
56427
434955
28789
39765
75390
336785
88520
401372
354929
256062
126932
246229
104001
327545
439047
240902
174533
378465
338661
435661
98143
411976
273008
270013
364838
192117
463410
413180
43012
143464
16442
354814
115677
372592
442328
29951
406146
89832
391875
341089
145344
157153
35232
283044
94069
33220
187281
322596
205079
148816
375167
402057
371288
220854
174926
128966
237080
272765
4897
221883
293868
319967
348612
162916
179088
132844
85638
81572
300822
303418
32725
159940
63867
122521
196934
364893
17971
306675
175907
104828
74440
60773
239180
217470
107582
57074
159639
250529
264075
256713
290916
255907
83034
217351
352198
363387
276117
457557
406678
138928
25684
386837
90350
265168
355265
332317
254865
50729
2035
154275
327131
140051
187649
333842
336352
354471
258428
313398
241764
64769
302225
365708
320059
116865
123453
310175
102030
48249
31613
240988
364790
171575
57948
302243
15928
192182
357247
297375
18665
262454
449963
4448
26263
128265
283996
354818
106981
327321
169887
155916
7236
346153
104720
58183
66
469063
372117
210444
240907
468983
246943
470390
266057
341361
14929
94200
471364
276339
420764
334330
182998
271051
214060
154882
205165
321089
5805
51143
202331
391525
133160
259208
29578
307236
444909
141411
254804
157607
453978
331712
90113
274700
411886
235316
47410
170437
247149
22496
103174
424619
390471
104614
374657
405664
398755
323398
246563
430560
280285
95199
224126
19634
256500
101083
250331
78421
200884
60779
177476
44850
188078
283317
350781
81319
363105
421983
254062
222754
448788
189380
161723
169999
413548
98606
169998
343386
437049
231924
354601
378335
301978
193976
420505
181691
402323
110238
220078
266620
401924
331372
85801
25291
329258
271740
12979
308126
337536
367951
284107
138219
451447
79508
354474
301248
276114
360777
451314
141368
90649
168572
107106
237697
15488
305789
342863
128855
66936
354944
309129
401006
113633
211681
301920
461813
253389
190125
125363
61436
61556
300547
233694
375776
395307
124772
96043
59607
435315
396472
251066
287000
328117
187855
362854
380063
428034
168354
64029
246977
425624
136225
228953
188629
160439
122869
123561
244277
114825
389938
6089
252612
309767
127614
134918
408490
311099
11505
182447
439727
213684
38427
327604
92326
229745
98834
387732
385728
207702
230773
433050
191265
142252
436139
330868
28495
381096
138465
470355
468042
136496
65259
386122
23703
427991
190099
153402
337007
392321
20363
3511
309949
800
374338
6326
455983
127340
228467
103447
68065
74805
42905
260170
9989
18912
69239
110924
143180
424973
229808
312806
153982
338025
373482
116012
280487
241557
195580
195066
399920
226861
413928
118743
339038
14296
55121
191224
425292
462378
89184
308078
143093
308656
441439
353019
385643
264855
61599
268862
370284
82875
363270
299099
321696
275498
300664
401491
384122
163582
107233
361842
104644
28030
453924
232535
38878
263913
19155
382621
431343
78057
427626
213875
285897
146008
463648
298642
167156
279561
391338
174012
23055
365593
393698
210566
375443
397495
185753
318847
119586
285069
363765
290479
31010
435230
254124
314194
234936
442860
266053
303513
22773
260530
219553
82788
173344
197656
235393
248403
105178
363884
330815
269121
467821
436957
18683
45047
117931
236405
100129
192146
258082
267015
194397
218415
132513
289820
368806
357614
277739
86880
336086
471779
64990
355856
84048
269348
369813
435034
337090
107164
416442
98714
22782
34193
447257
395559
52035
216244
97911
137718
296543
458611
128195
171281
452870
76354
397052
68925
259619
131895
270154
460027
239102
183394
390315
98974
135224
244585
100936
251108
57077
240104
359290
208380
398571
158915
335194
97536
362841
454423
402910
308216
102514
376425
364903
257000
80086
419987
468286
229286
297949
401619
402102
462285
111447
230965
266618
127205
311482
260238
278418
163178
446263
324326
374943
84892
178820
161399
411867
162902
26441
87395
200043
309996
61838
418541
317004
368010
233058
56338
334427
160629
307286
357459
99419
50190
224226
340463
215082
145917
414853
409358
435079
198956
355624
226195
460126
261939
269810
457065
129508
338552
458820
149492
293380
264415
42282
175711
175594
457059
206403
402236
455185
174876
273074
200481
270496
317243
92163
426475
457230
198023
348448
353371
449928
393893
324584
443981
48382
263586
166344
111475
466034
291889
355893
201397
397623
119259
115218
123322
94222
194642
224726
10093
46095
306296
231150
126751
382631
228689
371909
146027
360341
81674
42285
371287
455609
385456
235785
78500
126341
267130
39183
84053
208905
114361
131419
97848
36310
161706
148579
262790
365065
203423
115055
136783
116085
133826
226110
186223
227532
347660
28961
198700
370872
38706
340031
168495
19058
459524
89032
161595
179564
184705
361036
46461
188448
205871
356290
441736
332592
229752
54408
468413
469264
431041
85469
468872
224249
467909
104255
261896
109460
96045
122554
442534
32192
184517
432924
444466
97635
396050
237064
8111
355679
390686
425721
256210
380598
399891
289276
440846
393339
393405
51346
395234
469043
330334
19425
188252
292247
151665
29069
431108
1770
384382
57408
337779
67436
423402
449360
289594
161807
191281
295517
232572
449020
360226
256016
154418
359815
86357
143884
4846
59740
418682
300164
201514
12677
450941
329320
272162
385073
444897
246561
267241
270434
320361
205800
378406
310810
81256
326223
312699
225913
333777
353799
440141
334391
123500
370404
27450
343632
222818
297573
189693
161267
44297
460012
190720
149945
361770
113992
31653
322450
246752
380692
95875
344123
40173
21912
426720
119637
438532
323574
195374
205331
301787
72014
15304
238073
340626
341246
200779
237776
285840
276619
78587
428112
152592
19363
328064
128297
458422
309361
272956
96888
249706
94913
462662
169485
270131
265360
90145
438734
250727
408742
33976
423298
78625
248709
19662
403447
255326
204600
248499
347850
358867
361334
389970
7901
391100
107283
311435
106646
393658
313
182013
460861
331589
131273
458795
53685
144634
143389
320248
251818
453902
186278
232471
22064
10505
258716
338433
164341
427125
39030
187983
98255
423957
471117
166772
384619
293381
415255
94648
73625
433358
317072
304597
103380
434210
75746
313838
150870
306387
209072
397065
159839
27883
85784
102898
336198
89578
170791
423165
87730
242099
259370
444212
459663
294784
392109
198945
379675
203421
66818
152681
59510
51120
454666
222986
435968
52220
233033
305221
456419
2050
170523
118275
94695
51257
110719
31195
19455
335083
389259
68487
249567
24064
373435
68674
13840
267026
7818
77843
356736
127977
267530
67490
168511
225328
270784
443428
226107
138020
158376
459040
158463
250885
66057
394583
417156
11772
289744
258591
233731
57191
132120
367413
293997
302724
403558
229480
71545
150515
202927
239341
190610
236897
64635
446651
353715
90301
20062
216388
191454
343864
284773
328358
291795
14812
355268
351553
169858
414977
168054
38541
109310
289509
378503
98174
81313
278027
149242
443554
402888
29421
307766
148409
68209
441116
120122
132852
59816
32265
197362
191207
243850
245916
31966
280839
343905
421421
294011
69256
425652
288514
465077
195209
128981
133967
281927
76500
107887
224678
274659
74364
193113
454618
428705
320125
447822
202715
430900
376859
193283
134132
357334
71434
315887
375551
327634
85565
196205
25461
360926
59015
139806
446413
55925
51481
182398
150957
410506
406880
168109
418462
180931
207563
164466
268665
293888
179868
358018
448631
342528
141611
82087
117136
106383
407961
424670
372058
195951
425900
400443
38573
109724
12000
93315
434665
125742
258925
75970
434964
371022
374409
143765
315967
178583
261338
109985
91481
182538
64187
435530
326349
49230
305788
143149
415555
226301
35841
122986
177302
67807
333463
221521
110622
324351
325561
403298
301576
103758
55584
404980
447844
242459
456211
187058
322078
347090
103601
280352
89039
114049
457712
394233
236395
408947
78564
386692
382368
366238
464702
457186
393814
411944
216878
387422
410054
333290
188419
381450
212341
10274
456802
59181
226302
427836
455048
129959
277262
218131
263900
415658
295346
454606
120898
344852
83831
141477
81075
419727
127627
75432
36212
32430
67132
368668
460504
49005
99998
218902
400972
469782
80803
370791
208781
167672
333548
395269
372694
343111
427263
403016
268712
91424
66497
257968
41675
178994
58897
186477
342472
243299
108047
465811
348699
365567
181442
341188
294906
79283
309923
224641
329252
131095
140786
395448
57430
428288
7898
455728
256166
51468
376061
125078
261625
309886
77117
82726
399557
195347
408352
277778
145144
358676
269822
104138
326520
229018
3352
337812
73743
414929
158857
427483
65453
272788
49630
428988
9742
333934
73633
141998
8374
238299
218551
12454
370202
200404
324490
298352
122868
23186
450261
362052
6082
278526
154767
388692
330390
187060
5941
48380
24946
126540
59656
337190
8212
25197
71158
128939
255704
101857
382559
67659
250315
221552
215244
43996
44820
6319
300065
139845
142884
246708
374558
333072
424004
405251
55221
87836
227432
44254
98181
312169
323357
332408
434279
420288
276008
401462
288801
363954
26352
138783
268915
436178
441371
427496
3526
162736
269274
35764
267100
73224
388586
332939
408814
384832
245757
452232
274128
389622
72167
337308
226509
384116
60803
2336
32975
299291
338117
338967
217674
336349
9107
278148
28908
458604
452784
244691
317885
240366
410595
450641
255552
81601
416299
468689
220280
125390
237480
36532
168387
139892
414202
186626
340840
202182
145526
346760
81337
66278
310471
78782
230169
37083
359148
200711
37919
21880
219200
68627
221577
199879
221482
238351
49752
272554
316021
234502
173985
324915
470741
356370
197594
56468
79360
358953
413997
57091
304531
113360
46682
462147
55041
430791
57443
443611
258744
94507
413463
325054
158126
395374
345536
66773
407485
106583
326536
411377
80548
46688
291971
422560
367970
260581
308953
65191
310454
206040
26456
428083
182681
433388
116745
364595
138183
155145
139092
331877
37405
177204
311065
340002
358825
164061
330703
399908
158766
448537
320916
398277
309976
43200
148484
358619
469650
286901
243390
230405
48075
80823
268901
317804
31872
235413
42078
438380
418962
460872
265727
202407
114826
258266
129707
50608
45890
129082
467533
136445
295265
246273
373048
73307
367181
385472
407843
405617
300248
213687
12246
114790
100259
124593
260203
109868
142738
61524
187095
224614
125824
219645
119284
213392
436219
368509
157799
146896
328695
164210
85066
236643
351358
306335
366177
346613
175556
426513
417328
165107
404079
381918
410545
276383
347041
461637
11107
417418
193621
452817
425246
308147
10771
77120
60890
322123
272707
229253
318638
448559
394326
374226
171459
95991
252998
175481
50884
6733
434085
360711
417239
317396
402366
391919
285391
308181
205977
458711
21491
184998
44799
450822
185645
436956
387958
154362
388732
33212
266857
50961
292944
351573
331421
79011
234845
381085
24120
456499
245156
469842
468418
297963
13480
433737
77964
365702
362834
191497
304793
262875
175947
188148
448858
88822
143684
54967
83365
461309
20380
416963
163438
25324
445818
130729
361621
51511
401070
201622
331102
301674
465405
144090
83189
58883
305992
127686
371347
157925
294638
350721
432293
453041
378270
107424
432275
261854
347877
397345
447559
4768
58398
324495
230102
4967
75064
131482
380484
260503
253194
357839
18908
14109
152414
388665
455460
212246
34014
75503
418766
295440
285530
243574
355685
403307
22254
191628
293541
443652
205780
125644
417739
249260
139257
263243
348861
133550
13187
271093
282276
380306
83669
212598
30749
223240
22683
171031
238347
227704
451108
231297
397681
213515
215355
444658
3938
78767
340609
396161
136935
185527
225627
113382
167684
139234
349260
343608
240478
186599
100210
402898
213435
397543
244
245812
455625
187542
40801
278587
435929
74711
35325
153841
271316
425585
325651
385678
28821
349652
457019
243604
462286
285753
181484
354663
159038
275514
145456
359935
334436
282190
108775
217084
170827
217584
251906
316745
332685
245041
178592
115830
356196
448367
8394
162340
256868
400650
201726
360653
133593
249515
279973
330141
435951
337455
188876
459356
93082
149794
229490
469376
360739
127562
313395
129780
274848
172993
93922
412620
228502
235827
51072
334854
192588
364310
335323
117464
77420
203147
157142
119726
454298
144621
464516
263392
227024
435507
286659
404783
6989
337447
29473
317059
67281
90017
241274
333166
219025
61490
92047
46426
119229
148575
376582
101309
125354
231368
456333
444420
207727
315970
5803
279239
157137
3968
426934
131725
315254
410004
21864
333836
89178
367269
292268
181021
137877
149650
177922
217224
222364
347684
47250
359799
48787
53248
225833
273743
204654
241598
337859
164339
312156
247494
272354
349513
28359
254578
12226
146144
19260
150994
128035
68976
132526
181264
443720
337310
95110
440316
378790
444098
300840
83639
338465
328433
243861
361777
127198
466528
159235
406791
199614
116182
69105
55514
458765
284561
449265
241399
275165
115057
288368
128689
421582
470261
327436
202391
324401
27226
148882
249359
168257
290800
385122
456487
279203
297720
135180
105448
48222
311713
250039
448212
244354
344612
244357
201248
307027
280679
223769
23736
5227
52730
198198
81189
254936
386449
395162
124652
161172
42047
145117
315950
28657
82657
469981
123422
165610
416857
340341
374122
375681
158226
193084
405725
186352
15810
423671
113541
281027
318566
392131
400805
281522
207188
269706
233620
13736
393696
286907
86169
243460
254663
155961
155939
367915
13668
260789
355123
364305
80673
18317
9037
21088
22936
190686
375126
73048
402613
184676
171661
145101
270351
404424
300228
421911
294432
68556
462359
431117
152805
123009
31075
148100
373472
445962
400368
317808
228838
129637
207902
469907
120473
438033
224794
77799
117066
125668
466429
92056
449859
409664
13247
173096
294219
228665
271860
228939
85013
6294
321490
150477
387568
112866
247891
294138
248366
462291
231495
388469
18592
408854
106884
191128
141324
96936
302715
24030
327407
182912
362961
249487
91583
384046
399024
418434
102940
233921
187862
299688
258108
150322
276018
415984
251747
69843
354051
404139
265027
143612
33092
237452
317864
463645
178015
275591
298691
14819
470839
7786
384074
196596
270471
205623
116664
108306
145051
24832
41110
253935
56693
191527
413624
273716
225310
338516
220251
53039
227440
144941
239905
460605
113626
231803
71567
330102
348349
285643
4511
51262
166996
321237
170372
456261
35667
460106
21490
188106
170992
147994
328659
396335
126741
94568
371573
397221
451673
273678
324312
43247
330741
105404
71586
17467
151114
235262
253363
448919
227605
16025
194928
437015
163139
78567
156701
312642
412598
137894
120540
320808
340591
395049
363018
323380
69173
392050
302053
464198
173888
221903
142629
439239
274321
57637
101614
5409
80829
65719
410759
88059
408891
344754
387820
303722
300035
126685
176021
196146
22980
105421
389545
140320
83272
314599
246586
32610
85929
377225
296119
345346
31000
151862
154382
240666
261290
365043
187659
287687
233111
201142
13845
427139
428542
50439
118414
211772
85601
276603
189948
316083
343786
344016
211795
349680
137319
25531
103525
433774
338333
425584
422792
360754
306591
454513
20562
239451
262007
100904
307853
453549
205710
88575
377306
271536
430070
327727
70100
468506
170084
20964
59789
299107
387385
293481
232219
133954
359773
231652
163137
337232
123237
470897
418463
380285
153634
413374
30063
370659
413376
253333
80416
281526
151112
458245
206408
347161
23442
246902
319875
358737
129699
399031
137414
29486
344068
309555
6509
136833
227750
289642
226267
383600
257170
230470
277601
258905
67484
245846
169647
82194
451061
227262
149616
467825
206495
351488
104179
381042
378211
411208
371905
230204
244806
303394
224046
305424
152039
302058
70540
123601
442658
201196
146055
242931
296014
42826
389203
189664
245052
143330
59333
143602
197500
278865
241072
37774
303806
222395
242156
257384
38605
466922
116216
271108
439586
383794
230694
430911
